77023
82312
96025
74883
91425
73980
81388
85685
72924
74887
89516
72228
72552
94639
70891
95918
70845
81995
76917
81670
82727
70898
69140
82337
71091
66997
76513
69954
92868
70730
84345
89017
82189
71440
69616
72265
75460
94933
88232
82803
90483
89853
80289
89872
93965
83469
82674
78987
78779
87522
78885
91396
84027
93764
70665
80389
84315
79839
78046
66626
95140
88368
88937
76501
85410
68318
86948
76326
85162
73801
76771
78765
68078
95073
70025
91641
79821
75719
86048
85068
67033
68015
84516
74687
80291
82802
87883
71035
75963
79609
92148
75635
91308
73476
83762
89995
95721
89271
75060
76381
73260
87918
67031
72575
94916
79168
69673
88327
89903
85681
73577
70225
87941
92116
68007
72626
72350
79445
82149
73448
89047
70750
85580
90291
95729
72207
79527
77677
77499
95006
72753
96019
69945
80234
95545
80771
70077
76308
74505
79984
81430
80082
90693
66978
72038
76369
75620
73415
85014
71955
79782
89733
85057
93526
80418
73099
77652
95938
92407
92076
88089
87846
75457
92596
93105
79923
71313
71913
80421
92303
84206
72456
68191
96347
76609
66927
96079
72902
92494
72170
67902
79272
91694
82187
78591
78050
77441
84704
80558
85053
91331
72836
94529
86353
82195
68769
89619
72795
89503
76092
87324
70036
67451
75085
84260
90703
86059
85945
81632
93878
68097
67923
88105
67763
70404
92816
66461
87371
80257
81893
76004
75689
82049
88335
74660
79654
87006
83033
79641
91581
71006
68285
77426
78169
66972
74473
89919
91511
66640
94564
73522
85982
85860
87840
89210
92835
83904
77825
81949
81049
89340
81093
69879
78731
80639
74824
71336
92598
69889
95465
95436
95450
76088
92595
66736
94986
88475
81953
89565
72109
91774
74602
72812
93027
91894
85803
76687
92744
68713
84679
93982
84139
88047
83365
78245
92216
79840
84394
70151
83412
72257
87795
69697
71576
92823
68491
82520
80793
86264
88145
85842
75083
75684
86390
78446
78320
80897
90433
79649
86926
91714
84108
90203
82815
76418
89129
68778
83478
89404
78639
93270
74405
79679
79889
82581
80511
81226
68907
96120
91786
70560
72167
90782
80760
85607
83084
78773
94495
68795
73317
67991
93665
76462
93042
77821
86632
88270
81984
84221
88773
73934
67508
91415
93033
68700
95771
93804
87340
66688
70608
85694
89353
67282
68370
86375
89839
83151
73162
74827
85776
78039
76922
71097
86473
84089
81531
80194
71751
76750
82949
72652
90804
77094
77922
77631
73974
85297
73407
76636
80144
94118
67677
90454
91233
95994
87684
88576
92298
82013
92645
76487
75163
71031
67519
80553
66980
82655
81759
74730
83548
85329
95515
86799
84064
89209
72011
81933
67482
95179
83921
78978
72504
87784
76218
88093
86247
89344
93054
68855
94025
75761
78278
84991
81466
68096
83935
93926
67407
90003
67049
82326
71989
73956
91727
88098
89672
95554
93403
68115
75870
66734
72612
92898
84710
75232
71867
84935
77069
90324
79474
78411
88800
75081
81135
88133
72203
78468
84926
84107
76483
96265
80091
78550
74009
95949
68787
75791
82065
88179
85932
96122
90357
83707
74498
93680
93293
79536
75172
87845
90387
92663
67949
94897
71152
85854
86067
91605
74409
88376
69319
86557
88722
86478
77005
96096
88428
94250
84001
93718
88655
74757
72435
82462
83612
87698
74873
74210
89355
84669
82593
84872
69588
90054
88311
90922
87916
82305
70095
95471
89631
91960
81880
75578
68236
83781
68435
75200
72829
87794
83885
88071
84460
70012
85376
89603
83825
68654
89596
90687
67699
72371
74371
90778
81434
86533
92829
89400
90322
72086
92406
75807
95115
85357
80477
77528
81244
89087
70061
82902
67109
79163
88150
74337
79566
76855
82103
83875
89065
92104
91616
75570
85826
90700
85399
72197
87655
89959
71503
73742
75827
81161
77835
76082
88890
72560
86146
72431
84985
74725
86296
77293
92146
75700
69472
95160
74162
79690
94124
86512
72650
68281
84651
89492
95343
96326
75245
68374
77057
71262
94156
67791
90886
89333
82710
76197
87129
78509
84407
85125
90009
92323
79499
71287
85560
93598
74269
71717
77212
72175
79418
75366
73488
86643
89515
90399
94140
68594
76467
78035
93866
75709
78572
93664
75137
79005
72031
88213
67712
86919
71675
95676
80808
85931
73803
84993
81797
79490
77595
80849
92487
67315
77395
75740
79691
92899
72157
88385
71646
89151
90953
90230
72603
81967
80546
66961
83689
93937
85453
74065
69440
80230
94547
83494
71211
77957
73406
91612
89567
83296
83425
77115
78795
83051
71417
95644
68227
71859
90359
82138
78803
83095
89510
71895
80845
74466
86625
70829
70251
90010
81363
74568
79350
93462
80220
94939
91614
69248
77642
92844
89800
71224
91736
86759
86127
72639
87246
91401
77842
90418
77388
67379
67933
94315
88200
92748
73197
80728
93241
80571
88998
70091
77789
89776
77912
93253
72266
80128
68175
77561
71557
72020
88227
95467
73631
92634
82720
87568
71084
83723
84882
84794
73335
82891
74572
86659
82306
71652
84959
82093
66892
92363
86942
75478
79938
81503
79434
92563
85128
95663
90269
90360
84813
87257
69213
67058
78871
86124
72861
70088
69287
82606
78172
71368
70409
89985
89698
90711
66826
79294
68791
70630
70571
71898
86138
89594
82975
70748
73621
88754
94867
76783
68566
70272
95029
84351
74803
72577
96261
75498
81442
67643
67562
82921
91328
70332
77763
89845
84032
92922
90500
89068
79613
75958
78448
77415
82039
90400
77519
73513
72383
78836
77758
79537
87133
69377
79428
80134
75613
95264
89780
76390
85781
68867
68541
69348
73784
89112
69476
95749
73529
66710
80697
81923
93914
71957
85925
76938
87337
87113
86120
86677
79082
66856
75352
75665
83834
70022
71404
74328
85179
94795
96168
69587
93094
72570
81373
71908
93386
67637
74094
66850
95088
95201
78480
87685
70656
81701
91552
93673
86903
75556
82164
78047
72566
89541
84086
74273
96379
83458
82483
88126
93782
68753
88224
81861
72322
91925
66456
87808
82019
69780
71894
79308
66473
85869
70984
90901
73884
66776
81754
78929
88790
80902
66995
78676
86837
69823
86023
94056
79715
77272
75677
90590
69824
95830
75061
66620
80060
94288
93794
78359
69135
85043
69946
87297
89118
68665
81852
86925
76453
75898
80369
73516
72897
87432
69835
70862
88729
88750
81594
69161
94700
69529
78527
95228
77495
92928
68870
79634
96167
68846
75589
77540
69841
93778
71016
94119
81572
71414
86520
71769
95689
79800
84690
85178
84030
69487
87431
83887
87692
69736
69958
72991
76493
95601
80204
69689
68891
68852
89894
71347
76569
77068
85680
78194
87960
73337
94937
92895
81515
70291
74621
82333
84981
87086
75144
90694
68289
86071
72581
83430
93622
66905
88805
66692
69281
66870
87084
70801
69052
79246
76547
68917
87356
74710
68146
76388
82569
86699
78674
67312
74164
83654
66645
70991
68914
84048
77790
76976
67247
79221
92489
88140
89177
67221
68688
88971
72443
88374
80273
71370
75666
93344
67190
80463
76165
77834
69424
73691
75901
75563
75513
82409
69927
75067
84428
92073
87263
73276
95935
72280
93432
68715
78309
95272
92352
88329
82555
82196
87012
88355
79213
85345
72485
93584
69898
71322
71926
78975
77296
72468
91767
71491
96321
83974
85503
81440
66757
86894
83170
83159
70262
84398
68815
82654
68679
92520
79371
94754
94678
78080
91619
66771
89234
92082
67719
78044
85090
89820
69926
82033
71353
70576
73154
84308
94055
79322
80572
74289
77517
83320
69650
93322
69662
70901
90325
92167
75915
81040
71809
75221
83565
85277
78286
85589
88467
78829
67614
94584
73408
69062
84256
89223
82558
79507
87938
83439
92781
81132
68029
95154
72133
75139
69359
68049
73807
85648
75452
81733
88889
76052
87393
83938
82541
73984
95338
77126
66740
67681
82123
89095
76392
80732
94450
83717
88332
81934
94197
75649
68502
78690
82792
68835
92081
80614
66594
73900
76214
68717
95946
73077
78236
72913
76448
71203
68235
77237
96124
76255
94680
67027
92586
95884
85394
69882
96442
69955
68425
85332
73196
88982
80610
89782
81853
93307
78512
71101
85960
83638
71538
93421
87369
75969
66784
70581
74428
85423
91729
80163
86358
81473
90376
88770
86250
71382
73182
70364
93005
89542
73912
92443
76860
91854
69216
95337
91609
94640
70346
90603
80414
93331
69206
93742
72641
73651
70286
68308
73630
85218
78283
92814
86568
71235
85606
81392
83440
93684
69660
79787
88526
70402
76719
84232
73514
90772
82494
78158
86215
93423
66897
92941
82114
82310
77876
67511
93666
77778
83188
81998
89222
88623
89350
81966
93757
75268
82083
71853
66909
72975
70896
68704
78316
92568
68961
66711
72511
67265
84095
70771
90089
69294
89385
85920
82916
88321
92673
90191
74433
80029
85463
87512
69936
94900
79588
71450
83678
91103
87172
71735
81832
84217
80344
72704
67377
70530
74319
75485
79774
93868
94141
84594
90126
94317
80598
87045
71834
81657
71677
94831
84396
77705
94618
86405
70854
89938
90549
72852
71797
74993
87241
93989
89315
74022
91139
80578
75801
74788
93990
80262
85879
78119
82332
69015
78432
68885
95357
81982
85087
66821
83332
82989
72717
89205
77365
84225
79425
82050
68494
83381
79959
80844
73732
89705
80076
66912
82415
72762
78616
78292
88518
90783
67610
74266
88720
88388
91421
91349
86811
83466
77558
76985
75472
84827
87310
92559
67797
72771
83321
80079
93869
96229
95132
73753
70136
95370
71399
95975
67012
79980
73268
75113
67973
92722
87755
90165
89405
92728
74957
81255
68591
82282
68269
68186
91527
79786
74019
87254
90799
81301
80691
87673
94673
79868
73046
94504
81931
93930
91283
69300
90829
77908
93736
94070
83109
95780
76262
91991
89879
71583
75877
76823
80456
70455
95141
88240
91631
92202
80898
93487
85069
77880
90021
89821
83647
94255
70657
78921
90935
87998
95077
80970
71973
79331
69930
73471
83923
69129
70307
83871
82742
83160
92428
91695
82809
87219
94896
95287
82391
87253
66825
95347
80132
88481
91597
69199
80739
89509
94601
70893
95049
72689
88578
84550
73917
92755
70670
83957
84305
85738
94041
68436
87856
84868
89079
70787
95671
88969
74961
68032
84022
93650
95065
87570
74416
81775
77665
85495
95036
73560
94593
90099
67986
67116
73020
71594
77318
69923
90859
78335
96166
88746
93739
73075
72219
67760
74781
73755
92938
80815
74041
76367
82905
80601
89961
74938
95580
67657
96073
83588
75711
84240
93525
79946
77831
71421
76244
83482
77142
66773
85322
84369
69005
81155
95611
86798
82695
71794
85923
72159
74519
83175
73319
79498
93505
88495
67132
94072
68851
68464
68508
96235
68702
93009
70375
85722
94300
67255
92410
89540
75279
85134
80347
82964
82704
83209
94913
89286
86712
85548
84623
91327
76879
81802
73243
81239
95327
79930
77915
95146
68114
82405
76650
70648
78142
80645
95033
70224
81300
66845
88709
86650
80365
82336
91022
91050
83674
72252
91664
73665
75047
95165
87964
86694
89312
94631
81740
76998
91169
86135
93301
75943
68523
96359
76630
83422
82418
82764
86607
70552
84289
69875
80958
93170
84020
74714
73815
82854
94152
92027
78873
86450
81847
66691
74236
75895
91031
68625
93039
89479
95715
81064
79326
82550
85017
78689
81127
69437
68443
72770
66522
83250
86995
82459
74366
95384
90741
69254
88922
87494
75581
95001
93262
85688
95583
84754
75487
93629
81709
70558
77941
82907
79159
75388
88833
78297
81262
91380
77530
73958
88669
69307
93464
75442
83705
72075
75369
94742
74801
73466
86953
93677
82057
77131
88686
76363
68620
68570
94974
95435
79318
91454
85393
73770
72051
91884
92338
87872
88479
90785
82141
79197
86738
69886
82864
76177
80030
92629
68149
85856
76267
90276
90069
83287
88972
80494
74696
78285
89397
72822
70468
75029
86835
93358
83145
88503
84062
96365
89281
83736
88084
67555
80582
76153
86256
96431
74208
72122
91580
88562
71787
94442
75706
89113
75481
81650
70289
83173
72461
84482
94731
74700
79554
84421
86255
73879
69431
86202
92945
69082
86458
83963
71693
93661
70944
90737
89861
79953
76792
95169
68721
87508
88436
66763
87857
84341
78594
90708
91553
86784
86472
77478
90000
93397
83619
92372
84262
77639
81033
87218
70522
78431
83917
69679
69190
72146
85878
88597
91487
80828
70574
93860
79027
93216
70691
82557
82680
90343
85459
80806
83201
75449
95204
80264
86171
80792
72077
90068
72727
86867
90797
85311
81260
87707
68590
80626
77515
70381
68173
87410
69878
80821
90270
91523
94097
85506
70138
86812
80450
92850
70432
82133
91060
77585
84595
95016
91470
71296
78563
66941
72155
79193
92824
84979
95717
73863
77838
72618
91462
84188
67944
90914
93328
78846
72118
90867
69131
72857
83421
90745
75434
68826
88670
92120
77463
75883
96247
91116
86449
87298
79954
95079
83285
81361
71964
95887
72791
89188
75848
79000
90857
82946
89428
68200
88168
84036
89362
88127
91573
81001
70376
92584
88324
67927
85363
92574
80164
89037
93363
82585
93590
71042
72399
72984
95854
80055
92204
91769
89599
75527
86352
90952
69296
86196
90722
94681
80470
74376
82954
84082
79214
67911
90029
78004
87341
92457
68373
74750
77994
83295
68446
88810
75755
68043
69174
74999
76769
95485
74990
94879
94641
89679
69354
96037
74769
72288
91659
74393
81502
83942
87519
77397
86752
82117
92191
93063
82536
90192
69276
74685
77270
94536
74374
83530
69574
76239
89436
92811
96220
87852
94891
94744
85654
80699
84479
82617
69522
72905
71610
84307
93382
92883
78415
85620
95448
85198
85155
76022
83355
69481
88957
86922
93612
86579
68735
83926
67806
95453
88694
82736
87430
77309
87634
79952
86072
71638
68170
68182
95584
94142
84666
71293
84281
88603
82692
67601
67557
67479
87019
92618
68450
94943
67818
87583
94777
68674
66871
74196
75552
92667
71852
85143
77200
67342
77077
79157
80925
70033
71291
79038
76506
69444
82731
69688
74658
76036
73219
80562
88579
86274
73226
73928
69069
84755
70316
94650
91243
85593
85380
71720
94380
94728
74387
77706
92137
93615
83092
67025
95372
80825
95381
85221
89725
86620
95953
84842
80910
81729
87884
89108
83443
90890
81078
80427
76937
82732
82737
84618
87849
73477
88615
69625
76083
80544
95022
87077
91084
94959
89818
95542
87440
83505
76094
89941
95579
79988
91593
92613
87947
71881
79223
78424
68398
95498
76189
92507
79424
82176
93524
88708
95380
83288
87652
84561
77543
84847
68838
79011
95798
66772
72267
75926
70732
86525
79015
84439
73045
84026
82220
67790
79805
68547
81524
94611
67585
95334
92630
69987
81065
92276
81769
75226
75272
90247
90071
80354
86504
70163
84091
84598
83256
80584
69106
77169
92951
73895
82825
85933
69544
91999
83699
95943
91080
70729
83114
91531
86739
84292
84579
96043
78141
86815
75461
85377
77443
79432
92557
86853
86499
85100
71559
68172
78438
77429
71877
72609
70463
74180
67137
76889
74590
74994
74078
92064
93108
82904
96397
80379
95094
78672
74531
93899
82052
84200
92347
72171
95811
82568
69540
70765
81668
77716
76410
73804
95968
73626
76557
74072
71429
79672
73092
82139
85446
78066
90317
93522
84564
91908
67895
72932
86474
89793
68321
92402
85697
82670
92091
68750
70408
78305
93867
84835
75159
82998
72065
72785
74495
95920
87771
91827
74603
72374
92057
84545
88023
68038
74936
86211
88255
75355
72149
82947
77406
81021
75380
91274
68627
68230
67559
92592
89010
68966
92767
72750
69659
78262
92578
86434
86133
88435
84715
84580
94561
79862
95593
79697
94983
69511
69339
66558
67294
79460
71252
84471
94393
70298
74764
82338
73468
90707
78295
81281
83656
77638
71584
70971
76819
74815
83328
71447
92753
94545
96006
80965
91885
80176
79880
89211
85313
84608
69619
73091
81427
78496
94103
80548
74552
68044
79056
73485
66524
66602
76641
72995
96189
89042
67138
71558
86471
91280
69473
95958
66874
74227
76338
73923
93104
89675
90022
68947
78531
72306
69630
73717
88019
75619
79901
93041
90894
81898
73964
87986
73153
89072
82828
69458
76178
87931
78115
71189
96007
88985
67288
70032
86367
69196
84146
86468
90232
80329
74854
93352
85064
79286
69806
90583
67222
90945
78068
68937
93290
67883
72334
94099
82262
83119
92097
95691
83835
82272
82605
79451
67965
73851
88580
87325
69353
88099
79203
86195
76143
94800
82359
76111
71400
87031
77213
76528
86984
94520
91820
75158
85811
77848
68662
81325
88290
88648
79111
71838
93479
94762
68272
75611
67529
67296
68640
70472
77801
74391
84578
81246
91541
88589
88112
68985
81653
95034
71406
92351
70309
69266
75064
91091
91499
87497
70611
92309
68856
72191
84855
90786
84014
82519
80870
75454
83003
67402
81207
66936
75882
67784
82224
88749
68645
83206
73635
95316
91875
67442
86575
70978
83586
84771
90656
76372
77192
79528
89966
71600
79452
79180
90830
71982
88401
85735
77873
82691
94434
71718
79444
89377
81066
83315
90501
94127
74643
73575
77022
76542
77454
87292
81248
72107
94037
80595
68556
78958
69721
92726
85499
66705
80288
76588
90964
71423
82650
88891
69860
80951
73701
70735
71111
76876
80630
78617
71349
82517
77335
74949
87252
87368
86258
77575
71065
78267
92497
75575
72709
87595
95194
79377
82231
84336
67793
82172
94591
81091
76740
73693
88990
82404
78216
71539
71472
80189
88757
73761
88871
77498
75885
85253
93658
94164
69155
84168
73432
66976
81414
93623
83777
71512
89429
85268
84721
91963
90392
81549
66919
76331
80819
82584
90917
92295
93255
94161
84348
92425
83317
73992
94845
67943
95719
75450
72021
86513
89243
75859
95872
87559
92789
85197
88817
81805
69612
80491
68812
91579
78781
82860
72705
71753
78596
71179
71232
73434
92462
74163
91508
77006
92701
71041
88262
70941
88013
76576
88948
74995
70433
82908
80131
82789
67346
92432
79070
83673
81291
77745
90262
92888
86522
77872
94383
70040
81772
95112
75746
95096
94873
74633
91333
85291
77100
71617
92842
69208
80085
70989
66505
70399
81322
85822
86221
94588
86469
85761
88679
85312
74118
92365
82698
77220
67410
94630
69038
70412
84431
69127
81347
71416
68061
86743
80772
70733
83814
90364
85387
66817
72784
83005
76656
86776
90546
75194
96336
96288
85704
71396
76085
67843
84756
73862
69854
86645
80579
82767
83093
70454
82800
76394
95940
78810
83143
66956
92132
89590
85804
74538
71048
82706
71167
77438
76644
83584
81937
67154
88656
84339
84152
71994
74117
90487
67500
93190
82714
78355
92912
68231
95639
71154
81047
73501
89022
73405
75833
79922
72462
96067
82934
81607
86036
89570
95281
74778
80147
84425
74746
69445
73722
76720
69436
82834
91312
83624
92308
67009
81908
74364
92896
80934
84364
93712
88322
80308
77874
76766
92570
68233
82832
78638
78966
74048
75132
68183
76505
76472
84934
78144
76550
93702
69085
76494
73766
77817
77227
79098
94277
78445
66586
69217
89498
72839
85912
88011
85949
95048
93841
96094
88807
95172
86101
90094
80722
88085
73445
73492
77147
71811
80471
87485
75052
93811
92267
88289
95507
93240
81712
76934
91770
77739
90814
75968
86335
66917
77688
77909
86518
78028
92657
95413
83363
70508
69333
79605
75507
88363
94210
75065
89357
66747
73718
85073
87415
67270
70601
75880
79737
68154
72870
72817
81438
