93334
67254
76875
92735
71663
68376
88426
95778
80205
73370
90136
74927
93986
85834
66650
67665
96438
89271
83003
83404
91198
83797
94250
87664
71858
89145
90596
81160
77307
85990
91429
84935
85805
86419
77639
72686
93634
86381
71003
87304
80735
82693
93687
85275
89848
90930
92811
86443
94500
74806
95660
73394
90348
92873
67232
66778
74005
66811
72733
90625
74704
87929
80671
75976
78673
71027
71070
94438
82420
69719
78409
91804
68130
71698
71096
75345
89830
89709
85430
94689
74270
94037
68837
92754
87825
77912
91466
88187
71513
90679
95253
84085
78554
85274
80010
74584
95331
91393
95499
85519
69134
73250
89343
91934
68118
66536
91370
69167
80792
85220
66553
96177
93311
84275
95796
74576
91921
75373
85960
93385
90085
84396
88802
83466
74968
76560
93833
73690
68146
69221
84720
83410
71743
69530
72998
80821
85853
69231
90073
70847
86995
74656
78862
91194
87354
77004
91882
91398
84996
94358
88898
94523
68723
92909
72625
80947
93668
88181
75161
92977
68037
83892
89357
91758
92465
69779
81308
70956
90905
76486
69123
66861
70136
75673
80648
73397
93569
72304
83120
84202
83235
93529
75263
72821
81933
83821
66600
89030
73621
92448
75138
90463
68512
86876
89797
80953
92207
66803
80955
69548
89598
81295
89065
76029
90393
95604
95638
87867
72043
74952
81750
92233
76183
96418
71893
87968
83752
89680
91976
76153
78047
75011
95819
86231
66760
75515
94860
81430
82260
83578
92470
78177
95073
85636
94105
92627
87610
76622
79478
88016
75920
81025
79120
66775
81388
88051
68330
92854
81613
82145
94276
75979
84143
93307
92664
93155
89596
84920
73648
77921
93163
87700
67613
75034
74165
83847
69301
71676
66498
94066
89768
79083
89178
78593
88538
96059
85530
87223
68027
72645
96326
66603
75449
69396
73327
91158
89034
67706
88771
91319
95887
90543
94373
69219
79895
77999
73113
79549
78661
68341
85739
91902
75451
71230
79114
75066
86497
92486
73123
69784
69661
94975
80107
90217
92229
69483
92132
92616
74942
73369
79301
88156
86659
76048
88597
83459
96239
85657
96105
93264
73541
91837
95400
72089
93861
69814
86823
81024
93792
80702
68567
71005
70984
93172
78434
92991
90198
85890
69161
78626
93440
66892
76512
73826
92683
83258
84222
95721
86291
73507
84258
96392
67555
91047
88310
73707
73624
87624
67202
92221
74385
79643
88993
79771
70970
72055
84866
95906
88610
85245
91102
83881
94984
78362
88882
89842
89379
80112
91000
69717
90157
72514
71823
78682
74485
70087
67390
75025
72533
73371
74134
76732
77806
95578
93981
74501
78734
74688
69640
85881
68255
79033
67218
66524
94886
77960
82100
90052
67102
70909
82109
78312
87121
81804
82410
84487
70427
94514
88783
78165
70640
80525
69364
94356
67904
87318
91923
92670
90758
95165
67047
82985
83637
90233
71609
81832
77831
72933
74203
77838
84753
69279
81915
79871
77387
95968
67008
94047
72390
76404
73847
76640
78634
90447
87357
75183
86908
86959
74923
93081
80448
77881
94858
74514
82618
89559
80396
77664
74309
73959
93190
94164
81581
86116
89925
70713
94191
88143
93823
80807
73866
68580
92984
92061
92969
75081
85823
69955
86987
85211
75152
72367
85418
68808
68182
83335
85901
81821
81245
95666
87856
86065
91771
79242
75915
69884
69056
89535
80665
76983
81290
89517
83043
83478
89022
91275
82038
67209
72377
74744
69038
72037
85771
92762
73639
67550
70824
90668
96029
82896
96258
95938
67593
71422
77350
68915
87253
93298
93930
69442
89710
71989
84740
73816
73635
81418
91697
95470
93316
83029
88788
71995
88513
95114
87965
94484
90336
77436
79917
73302
93616
76105
70040
73317
92764
79823
69789
83338
94603
91416
72087
74634
69628
89723
84505
94619
67064
87289
87401
89037
77120
71291
67763
96384
75157
90645
83142
70910
81494
88703
67182
83039
93970
82454
67309
67404
90936
94359
73033
90419
87049
90823
77191
80228
81531
94716
74732
77878
77656
68113
71400
79941
92976
85204
84860
67977
88313
76878
92325
72517
78048
80946
85506
91978
91714
72084
84124
69601
93184
80708
88378
87175
84334
76206
68328
66979
86263
88825
92324
74785
68900
81538
86768
76534
96436
79446
95430
69055
82316
70794
74060
88340
80899
77613
79957
82404
73063
75291
71085
71180
80956
81570
89940
75923
79517
71621
74316
84786
93547
72204
72710
93924
96185
69409
79334
74979
66806
77305
67727
86440
79760
75214
81396
93740
87248
94930
83322
89788
70023
71334
79817
94296
85612
87378
84645
72907
95493
82449
72829
92785
68317
87793
91893
84435
67631
77366
80276
95260
87941
86645
77993
95092
90302
77903
73207
92105
79592
77591
75816
96363
69849
84425
94857
82555
81811
76000
78152
71906
70923
94829
75234
79250
90311
92430
79525
79854
93580
78781
70386
77829
79171
88135
83122
66789
90014
91924
67485
86927
69256
94309
74883
75829
89957
94985
92250
92289
83544
66808
90755
85040
85225
81318
74860
84657
70729
68221
67619
69456
71019
93551
78632
93775
80831
95574
68812
70178
73709
83531
83726
77846
71567
80530
74853
71485
94114
93265
80358
68214
79205
73016
94528
88286
75412
72349
84358
95396
72224
86988
85178
82610
81021
79590
66558
68105
83608
70684
94815
86409
77799
76097
92156
77741
67875
90489
78001
90801
88815
83738
72771
70129
71672
96424
90464
75344
87841
82698
83378
70874
75819
92265
89184
66776
86196
86225
89467
95450
75351
87404
93879
77773
71666
95348
82282
71442
72930
93876
92722
88172
79984
67849
87501
86177
74091
82002
83151
71622
69518
79492
86620
85219
80189
78542
67825
95467
78629
66569
74409
85698
83820
85566
73098
71323
75353
71811
75169
90650
93620
95510
92367
89417
79180
83809
79468
72858
80680
92372
90778
67812
69193
90765
85989
88659
94949
81698
91172
81913
94056
81140
86521
68859
93718
75226
84308
71781
84790
67140
88822
79835
90675
86732
80597
88009
72066
81292
78689
85950
90850
95907
78596
84326
83411
77710
78994
83804
73470
90784
76807
81278
94253
71436
89568
68179
91140
85818
96235
78645
75432
78636
92187
90405
91672
88919
72187
77049
96124
82716
93802
67352
70839
72284
87725
84796
80031
92077
92412
88315
92392
72141
72186
75860
73778
72424
88119
85065
93053
91828
81300
85561
77440
94963
72898
89715
79389
74013
71435
90029
96188
72461
94946
83966
74517
90274
75516
86885
94129
80595
78461
90032
92434
95487
75749
76260
87998
95714
71903
79209
95807
89898
82870
68489
70762
92136
79726
75454
92476
95321
87275
95422
71275
94041
89352
80568
91317
77260
79627
82836
82526
76004
69077
89595
90312
72188
77197
76156
75206
86838
74558
85713
77394
92153
96164
86691
85954
66823
89244
84328
94643
86332
78203
88356
67778
71804
95167
83311
79016
78688
70963
86944
77818
85671
68270
76227
67668
75604
85704
76281
78657
75088
91464
94122
68203
85558
89582
70026
89158
71035
81426
69276
71701
81336
90296
90216
74930
70777
87058
71355
90910
90636
87419
85369
83300
66745
76969
73448
66530
94119
69864
77957
72590
91966
79452
95580
67094
79830
86328
82211
68979
91186
72728
78802
83481
73702
91399
70137
89447
80027
74117
69909
73442
94107
85919
74772
76701
69009
82084
95214
87257
70651
87547
90044
79638
68433
78405
89658
92209
66678
71147
72932
88075
74436
73060
96387
79531
91920
85523
67513
95995
75747
78580
94009
84022
67770
74743
83488
69940
76920
69885
83789
73073
74803
81798
91573
66670
66504
75529
91606
96302
76158
71000
77327
92745
95963
71458
69693
80986
67238
89068
87991
69333
68069
72320
69981
78112
81220
77887
69052
93462
89751
81723
95804
76167
73569
67802
82489
71390
95267
66586
69927
75441
73447
92838
67461
70974
80229
68241
73057
89497
75235
72581
70822
77751
74829
78887
95280
85916
86269
67074
80204
73803
76684
67666
80437
68625
75862
70172
95325
76893
72852
69144
75914
68413
76998
91174
85768
82392
73873
88220
93474
70725
80959
68161
70284
72600
73641
88711
70876
78965
95768
79314
72968
72421
73980
85007
87010
88907
80434
73416
96004
84105
81859
78239
91900
92066
66611
84072
80785
69929
89192
83932
86840
89275
89532
83846
72676
68332
88249
83013
84613
67512
80699
73427
93243
80862
88461
90435
69449
66683
80329
73722
72636
94691
96225
66846
75597
87866
70632
69933
91531
80690
90440
95154
80035
82016
67006
73663
92489
86679
89854
90204
84702
87144
70548
81897
88676
91949
67883
94727
88674
69229
71954
74617
74293
90122
84293
71384
73615
96076
68201
79848
90809
91901
81588
71146
85009
94045
67428
68445
92326
88040
94008
87417
84100
74290
85994
85086
72305
94165
80178
88939
81653
91080
69079
95729
93002
69559
87114
84854
70271
74246
87526
70025
71530
83475
68873
66639
74456
80297
86556
66615
67712
75311
83008
84219
88979
77581
91251
81774
69309
95309
77092
66624
94535
68750
70319
88938
71515
71962
76879
84243
95572
68073
93483
75221
74284
83026
91069
74194
94778
75470
87746
68327
93509
70723
95041
91721
90040
78939
66794
92836
77117
67860
81571
85037
90993
71871
84729
76434
93762
75620
90941
78917
83977
95317
72364
81412
75739
84642
88950
73752
81708
78534
76549
76016
84816
68381
73693
80890
81925
92742
66509
78468
81608
95277
81688
93890
92816
77367
95231
89656
70094
67250
77737
71967
78586
76990
96430
78130
93955
95621
76125
70921
77792
82284
71605
73646
87397
83645
92925
89740
77223
86066
72798
95601
92181
85460
80697
72443
86243
78602
66520
90352
76850
89857
82556
92160
92321
91696
72487
95762
73997
77573
75330
84290
68380
73183
68173
88306
84370
66720
70518
94776
95710
95409
88799
83252
80390
68324
95037
81092
81937
84669
83364
94678
95775
90174
67925
94042
79891
74994
93859
78564
66913
81330
81734
93215
84368
70043
66981
84420
82396
86713
68947
69336
86209
71475
78113
72494
83253
72159
81168
90862
93586
92931
68773
84507
84717
69975
83917
81392
81805
81679
81617
84061
83022
92806
77644
95815
86853
72779
77858
84641
95215
96228
87180
79477
72222
93132
82313
76954
80945
75047
78897
71281
72133
73446
90132
95892
77408
69571
76482
66807
69487
66612
91290
94706
66906
88818
93350
72459
84949
91007
94064
89033
86813
86572
74583
78310
67160
70810
91074
72266
68184
96305
91266
95962
91793
89390
94881
83306
72552
67699
87021
73169
76518
96240
94723
89185
74216
85289
94615
79632
82774
77745
76394
69090
78069
67723
68903
87798
71064
92775
69664
81625
84226
74972
94109
72939
80078
75329
70900
87030
81647
87621
68441
78727
87749
92122
86945
67142
78980
96304
75616
93548
75786
67796
93574
78947
68725
91435
83715
94024
81154
66508
85598
85260
68006
94139
89562
79000
74990
89009
89048
79867
77822
91591
89018
70914
89729
92125
91977
74906
73880
74257
70523
75146
91593
77795
84272
86184
66493
95747
72957
68774
96158
86665
86744
95612
90397
82300
94061
86755
78031
84113
71075
73595
78721
82046
77998
72681
94027
91647
68920
74428
92753
79872
95827
95304
68392
78916
87900
91962
66802
72263
79331
74523
75262
84769
92876
70529
72112
77027
81189
88307
89340
87310
72338
75467
82072
80121
91110
72442
83575
81169
66679
91107
77110
89106
94366
69946
72705
66805
86877
68678
72025
91796
93071
91232
73699
81375
83262
89840
67401
85974
88996
68814
70705
83808
67108
78202
75393
85560
81726
88354
73396
85819
80071
74749
89543
72893
94298
92236
94289
87640
72766
91661
80923
84036
76439
85987
86021
74263
75764
73059
92027
85153
83369
74777
91725
82508
76506
80136
72609
92521
92323
95199
88787
67416
85176
87701
95599
75653
74335
79276
69073
91201
88626
83693
80231
72949
94804
89583
83185
73489
95791
67916
81799
70903
95364
67961
75500
77484
67884
93931
83587
87922
88621
88743
77071
87348
70159
77747
94782
96090
94567
95319
76419
72139
84144
80977
78110
81826
69355
95075
89531
70122
91040
89931
86364
70269
93896
93628
80157
93525
82295
71571
68277
87197
69068
88056
77153
69726
85742
84097
66930
70890
79076
91776
73476
78911
76947
85664
76194
78005
73164
78088
93769
70411
77378
66732
76462
87328
92406
75245
89084
80823
75000
90699
87109
88140
89560
73651
92168
74664
67549
77836
70755
73955
71118
72718
78054
89439
68604
77368
90378
87660
69850
79744
91560
87982
68260
83374
72327
76605
84319
85737
85913
79150
88421
92116
88402
78637
85120
87308
74124
80172
71076
91757
82351
79284
88550
82253
86907
71210
73515
73238
73243
67590
84902
82778
79051
70681
87495
80755
71564
86802
69984
93363
89254
86538
78396
77859
67617
71166
80805
81265
79112
86762
85456
92680
75507
93875
77125
75828
76716
88455
83296
90901
72782
76234
85223
81970
76120
80589
87263
76844
74115
75089
96352
78350
76816
93085
92979
89819
95022
72659
87288
82952
93753
92681
81854
93950
71882
84212
80072
94520
67695
70499
72499
78175
78188
68509
71529
83435
83107
76488
79010
95675
90762
79981
70782
72831
80149
86377
89749
70823
86622
81945
68408
95613
76536
67002
70567
68129
89496
94620
67164
94043
72746
90299
76107
70236
71665
77522
69749
68431
66731
90970
91532
67662
88701
78604
81690
74542
92288
91330
74652
95915
71955
86507
68174
88499
90307
67940
75497
93815
71173
67049
75306
67335
86635
76154
90875
68599
67982
77149
86399
75377
77235
76912
95964
87083
72973
93545
72740
95590
93599
67423
80299
88890
93196
66994
91462
88878
82651
67465
72190
86916
83907
88900
89284
96389
86548
67134
83450
94133
80912
92639
70310
68674
72992
72780
87172
82388
66710
81004
77166
93389
89753
69730
80252
77633
79663
79939
71201
74745
84289
71182
90025
72969
94900
84943
72375
80938
77129
76068
96227
69349
79237
81914
91036
90874
93004
70024
90003
96242
86036
90516
94092
79375
66952
84727
72418
82176
88396
85988
67704
75634
87124
70757
77970
93983
66790
72522
75211
92462
79713
70267
93364
74593
89105
91790
67303
89107
85634
81463
78672
76024
91214
82530
76449
69751
80378
75129
78656
93556
84564
73037
85537
78313
69731
86981
69171
69060
66455
81664
76908
88255
67638
82344
68463
79365
74234
70739
67363
70816
86704
91635
75072
80311
88126
69957
81535
95587
90839
83076
69705
71018
71450
73154
93488
68007
81886
79596
89679
67004
78438
70127
90818
68366
70686
88667
71570
75559
86689
67414
81423
79097
85386
87082
71667
69901
67657
73058
93543
82365
77209
94225
95565
85562
83346
88090
82735
81957
79887
79851
69379
77869
67098
93996
74138
94450
86309
88444
82059
86001
73738
81761
79738
69104
93939
91813
88778
76828
90965
90746
86383
74791
87321
78137
91427
85074
86975
84110
67852
84371
93645
85455
80239
94469
88916
80675
68913
91892
70171
78230
83080
91648
87504
89913
90308
76628
72436
92827
75812
80032
75193
84178
88058
79847
82347
86206
91322
95109
74616
93738
87315
76180
92878
72865
87575
93515
82637
69992
79453
80260
80584
90817
82717
92919
69906
87974
78865
90493
75255
87363
73036
81520
92215
75043
87781
75200
68548
72720
69249
92547
74819
70931
94625
83773
87029
86228
80780
84309
74910
79373
79430
93643
88184
79725
70337
82203
88548
91825
73934
79599
78139
83065
76349
83429
91805
94991
68885
84995
74146
77286
79620
80904
76225
71320
81636
73792
94566
82830
68265
85935
86502
88650
89326
96288
85080
71550
84086
83877
74387
77278
75073
91929
70694
86445
87117
80549
81968
93766
81576
74849
73612
68844
70205
93767
72769
95124
95663
74554
73688
86092
88746
90720
67120
92368
66943
90834
68508
68156
87206
89493
83899
75741
80332
90002
75164
88726
68159
88971
75368
78172
82655
91498
69657
88720
72429
68550
80464
81244
77886
76224
68666
73038
86142
91741
84123
94257
72351
85531
89905
94896
70390
94505
82671
68848
69467
80504
67641
79559
80169
75173
81512
79840
72749
83635
68289
94414
90552
73128
70820
79066
83863
70831
73587
86256
73808
85877
70975
95393
76347
95009
68537
92108
75258
87570
78763
93331
91545
82471
73065
78518
79075
91302
67041
76257
86380
69006
89533
82667
85411
92356
90105
91557
86367
74297
74325
78995
82159
70158
85670
90513
68474
93461
76165
70081
82249
66766
89035
73963
85130
87233
67610
84387
75551
88457
78909
72205
90455
85963
68020
96290
75042
83636
75964
75349
69295
84279
93047
94010
80450
66888
67272
80940
87089
69606
69297
72503
81713
95287
95657
76517
86450
81256
91779
70304
72438
69036
74410
70107
73591
87403
67801
67629
71286
75328
91986
92064
95511
70216
68025
72555
66688
94311
85983
70231
74498
93882
85891
80978
83650
71257
75632
96222
86061
83451
85774
85361
78034
70897
85910
80102
69791
70732
75398
87196
90549
87949
69470
95264
83816
68033
94219
83516
70495
70902
87658
81766
84192
83748
88401
83494
92508
71798
96116
80182
76219
90148
89522
84404
69434
81096
83069
69471
84004
77328
85660
76699
74915
85232
93798
79557
94427
68965
82083
69317
85841
94424
84130
71824
66691
76108
69353
79359
77687
80791
82051
87966
81421
83962
95148
90526
77625
69176
96013
72856
78541
68767
80108
87493
93725
77759
85193
73790
68923
82588
87398
88344
69062
75994
87569
91406
86626
76446
96148
67760
84509
92300
93409
69626
74026
85801
76101
84721
92313
84096
71725
67661
83084
84314
70421
66576
90689
76044
82792
81135
86349
67065
78149
87256
73667
95377
79702
94384
69387
80440
92791
88905
87071
81342
92587
74092
95136
75213
82376
92935
82669
96061
85992
93651
67076
69300
84931
76407
66767
91472
92459
82183
83581
88336
70776
73082
66655
80099
69695
81712
76335
82444
72189
90586
94050
89323
76583
84455
80786
78430
88329
75049
81752
96344
77128
77699
78517
95615
96129
87870
87152
96380
72492
70566
73374
78567
90560
91905
81335
69146
75942
68775
86379
84559
86159
85157
69514
84988
94196
79381
89686
69678
91795
82542
81694
76057
69893
80919
89678
71928
71184
76754
83004
80637
72551
83883
91401
94809
69792
83758
75972
70745
76410
84492
69440
82632
90221
67486
66485
86693
81036
85821
89677
95858
86104
86208
78467
88811
68611
82865
84876
95709
89482
86146
93947
66497
78561
92067
82941
67984
78021
78164
83831
76200
84584
72833
80067
84568
79008
68539
82964
90431
82275
82073
75325
94608
76858
95774
83838
72558
94148
67281
78063
78304
87112
84528
88820
86067
81173
93227
82480
84016
84297
67227
68905
67337
95505
69556
76353
91572
94571
84002
85878
83850
95920
79949
81918
73120
95934
87079
89948
93943
93340
77396
89088
70593
81749
69129
74143
90687
78732
84832
70701
76352
71974
66759
74982
95853
75236
88908
88688
66871
83449
87237
67589
95232
77904
76508
74529
73638
81226
86241
95401
81552
83811
74418
68095
70006
82584
91727
72385
87995
83538
86203
86604
82890
81745
70976
81773
92094
87130
74513
88519
87141
90653
88879
72227
89662
95640
69607
83999
83160
90633
81274
72863
70391
68584
81908
66995
96044
82493
83014
68748
81323
85729
72534
91444
93523
73100
86480
76422
96229
71191
73052
74374
76323
85279
94788
72260
89032
91675
79101
74319
76083
73390
93300
67090
89481
84852
68387
69282
88299
72526
88602
79208
68315
92716
82968
70261
68196
66560
88847
88205
80761
77362
94498
76842
93295
90116
73018
70022
